11100000000000000000000000000000000000000000000000000000000000000000000000000000
00000000110000000000000000011100000011100000000000000000000000000000000000000000
00000001001000000000000000000000010000000000000000000000000000000000000000000000
00000000110000000000000000000000010000000000000000000000000000000000000000000000
00000000000000000000000000000000010000000000000000000000000000000000000000000000
00000000000000000000000000000000000000000000000000000000000000000000000000000000
00000000000000110000000000000000000000000000000010000000000000000000000000000000
00000000000000110000000000000000000000000000001010000000000000000000000000000000
00000000000000001100000000000000000000000000000110000000000000000000000000000000
00000000000000001100000000000000000000000000000000000000000000000000000000000000
00000000000000000000000000000000000000000000000000000000000000000000000000000000
00000000000000000000000000000000000000000000000000000000000000000000000000000000
00000000000000000000000000000000000000000000000110000000000000000000000000000000
00000000000000000000000000000000000000000000001100000000000000000000000000000000
00000000000000000000000000000000000000000000000100000000000000000000000000000000
